NIFTY 50 BUY-AND-HOLD (10L invested Jan 2024)
===========================================================================
Entry: 2024-01-01 at 21,742

Month         NIFTY   NIFTY%    NIFTY PnL    K2-V1 PnL    K2-V2 PnL     K2V1 cum     K2V2 cum    NIFTY cum
--------------------------------------------------------------------------------------------------------------
202401       21,726    -0.1%         -745      +94,327      +93,211      +94,327      +93,211         -745
202402       21,983    +1.2%      +11,834      +77,089      +43,203     +171,416     +136,414      +11,080
202403       22,327    +1.6%      +15,653      -49,710      -76,849     +121,706      +59,565      +26,907
202404       22,605    +1.2%      +12,449     +242,600     +114,046     +364,306     +173,611      +39,691
202405       22,531    -0.3%       -3,280       +2,641       +7,153     +366,947     +180,764      +36,280
202406       24,011    +6.6%      +65,684      -59,304       +7,408     +307,643     +188,172     +104,347
202407       24,951    +3.9%      +39,172      +78,167      +46,557     +385,810     +234,729     +147,607
202408       25,236    +1.1%      +11,412      +21,367      +20,778     +407,177     +255,507     +160,704
202409       25,811    +2.3%      +22,783      +65,137      +51,165     +472,314     +306,672     +187,148
202410       24,205    -6.2%      -62,203     -133,828      -77,017     +338,486     +229,655     +113,304
202411       24,131    -0.3%       -3,068           +0           +0     +338,486     +229,655     +109,889
202412       23,645    -2.0%      -20,152       -6,383      +25,364     +332,103     +255,019      +87,522
202501       23,508    -0.6%       -5,769       +4,784      +25,952     +336,887     +280,971      +81,249
202502       22,125    -5.9%      -58,860      -32,290      -38,210     +304,597     +242,761      +17,607
202503       23,519    +6.3%      +63,036      +29,023      +67,143     +333,620     +309,904      +81,752
202504       24,334    +3.5%      +34,646      +94,362           +0     +427,982     +309,904     +119,231
202505       24,751    +1.7%      +17,116      +82,616     +110,143     +510,598     +420,047     +138,387
202506       25,517    +3.1%      +30,963      +92,995     +102,212     +603,593     +522,259     +173,635
202507       24,855    -2.6%      -25,943      -26,148      -14,950     +577,445     +507,309     +143,187

==============================================================================================================
                                                        NIFTY B&H       King2 V1       King2 V2
--------------------------------------------------------------------------------------------------------------
                                         Total P&L       +143,187       +577,445       +507,309
                                    Total Return %         +14.3%         +57.7%         +50.7%
                                    Max Drawdown %         -15.8%         -15.0%          -8.4%
                                            CAGR %          +8.8%         +30.1%         +26.7%
                                            Calmar           0.56           2.01           3.18
                                            Sharpe             --           1.38           1.48
                                           Sortino             --           1.72           1.73

  King2 V1 alpha over NIFTY:     +434,258 (+43.4pp)
  King2 V2 alpha over NIFTY:     +364,122 (+36.4pp)
  King2 V1 beat NIFTY: 14/19 months (74%)
  King2 V2 beat NIFTY: 15/19 months (79%)
